(num_div)DIV
(num_div)+1.34645081855 E3 a:
(num_div)+5.72957795130 E1 b:num: 0 5 7 2 9 5 7 7 9 5 1 3_ 0 0 0 0 0 0 0 0 0 0 0 0
  1: 0 5 7 2 9 5 7 7 9 5 1 3_ 0 0 0 0 0 0 0 0 0 0 0 0
  1: 0 5 7 2 9 5 7 7 9 5 1 3_ 0 0 0 0 0 0 0 0 0 0 0 0
  2: 1 1 4 5 9 1 5 5 9 0 2 6_ 0 0 0 0 0 0 0 0 0 0 0 0
  2: 1 1 4 5 9 1 5 5 9 0 2 6_ 0 0 0 0 0 0 0 0 0 0 0 0
  3: 1 7 1 8 8 7 3 3 8 5 3 9_ 0 0 0 0 0 0 0 0 0 0 0 0
  3: 1 7 1 8 8 7 3 3 8 5 3 9_ 0 0 0 0 0 0 0 0 0 0 0 0
  4: 2 2 9 1 8 3 1 1 8 0 5 2_ 0 0 0 0 0 0 0 0 0 0 0 0
  4: 2 2 9 1 8 3 1 1 8 0 5 2_ 0 0 0 0 0 0 0 0 0 0 0 0
  5: 2 8 6 4 7 8 8 9 7 5 6 5_ 0 0 0 0 0 0 0 0 0 0 0 0
  5: 2 8 6 4 7 8 8 9 7 5 6 5_ 0 0 0 0 0 0 0 0 0 0 0 0
  6: 3 4 3 7 7 4 6 7 7 0 7 8_ 0 0 0 0 0 0 0 0 0 0 0 0
  6: 3 4 3 7 7 4 6 7 7 0 7 8_ 0 0 0 0 0 0 0 0 0 0 0 0
  7: 4 0 1 0 7 0 4 5 6 5 9 1_ 0 0 0 0 0 0 0 0 0 0 0 0
  7: 4 0 1 0 7 0 4 5 6 5 9 1_ 0 0 0 0 0 0 0 0 0 0 0 0
  8: 4 5 8 3 6 6 2 3 6 1 0 4_ 0 0 0 0 0 0 0 0 0 0 0 0
  8: 4 5 8 3 6 6 2 3 6 1 0 4_ 0 0 0 0 0 0 0 0 0 0 0 0
  9: 5 1 5 6 6 2 0 1 5 6 1 7_ 0 0 0 0 0 0 0 0 0 0 0 0
  9: 5 1 5 6 6 2 0 1 5 6 1 7_ 0 0 0 0 0 0 0 0 0 0 0 0

test w: 0 0 0 0 0 0 0 0 0 0 0 1_ 0 0 0 0 0 0 0 0 0 0 0 0

(num_div) ***** Divides_by: 0
res: 0 0 0 0 0 0 0 0 0 0 0 0_ 0 0 0 0 0 0 0 0 0 0 0 0

w:   0 0 0 0 0 0 0 0 0 0 0 1_ 0 0 0 0 0 0 0 0 0 0 0 0

test w: 0 0 0 0 0 0 0 0 0 0 1 3_ 0 0 0 0 0 0 0 0 0 0 0 0

(num_div) ***** Divides_by: 0
res: 0 0 0 0 0 0 0 0 0 0 0 0_ 0 0 0 0 0 0 0 0 0 0 0 0

w:   0 0 0 0 0 0 0 0 0 0 1 3_ 0 0 0 0 0 0 0 0 0 0 0 0

test w: 0 0 0 0 0 0 0 0 0 1 3 4_ 0 0 0 0 0 0 0 0 0 0 0 0

(num_div) ***** Divides_by: 0
res: 0 0 0 0 0 0 0 0 0 0 0 0_ 0 0 0 0 0 0 0 0 0 0 0 0

w:   0 0 0 0 0 0 0 0 0 1 3 4_ 0 0 0 0 0 0 0 0 0 0 0 0

test w: 0 0 0 0 0 0 0 0 1 3 4 6_ 0 0 0 0 0 0 0 0 0 0 0 0

(num_div) ***** Divides_by: 0
res: 0 0 0 0 0 0 0 0 0 0 0 0_ 0 0 0 0 0 0 0 0 0 0 0 0

w:   0 0 0 0 0 0 0 0 1 3 4 6_ 0 0 0 0 0 0 0 0 0 0 0 0

test w: 0 0 0 0 0 0 0 1 3 4 6 4_ 0 0 0 0 0 0 0 0 0 0 0 0

(num_div) ***** Divides_by: 0
res: 0 0 0 0 0 0 0 0 0 0 0 0_ 0 0 0 0 0 0 0 0 0 0 0 0

w:   0 0 0 0 0 0 0 1 3 4 6 4_ 0 0 0 0 0 0 0 0 0 0 0 0

test w: 0 0 0 0 0 0 1 3 4 6 4 5_ 0 0 0 0 0 0 0 0 0 0 0 0

(num_div) ***** Divides_by: 0
res: 0 0 0 0 0 0 0 0 0 0 0 0_ 0 0 0 0 0 0 0 0 0 0 0 0

w:   0 0 0 0 0 0 1 3 4 6 4 5_ 0 0 0 0 0 0 0 0 0 0 0 0

test w: 0 0 0 0 0 1 3 4 6 4 5 0_ 0 0 0 0 0 0 0 0 0 0 0 0

(num_div) ***** Divides_by: 0
res: 0 0 0 0 0 0 0 0 0 0 0 0_ 0 0 0 0 0 0 0 0 0 0 0 0

w:   0 0 0 0 0 1 3 4 6 4 5 0_ 0 0 0 0 0 0 0 0 0 0 0 0

test w: 0 0 0 0 1 3 4 6 4 5 0 8_ 0 0 0 0 0 0 0 0 0 0 0 0

(num_div) ***** Divides_by: 0
res: 0 0 0 0 0 0 0 0 0 0 0 0_ 0 0 0 0 0 0 0 0 0 0 0 0

w:   0 0 0 0 1 3 4 6 4 5 0 8_ 0 0 0 0 0 0 0 0 0 0 0 0

test w: 0 0 0 1 3 4 6 4 5 0 8 1_ 0 0 0 0 0 0 0 0 0 0 0 0

(num_div) ***** Divides_by: 0
res: 0 0 0 0 0 0 0 0 0 0 0 0_ 0 0 0 0 0 0 0 0 0 0 0 0

w:   0 0 0 1 3 4 6 4 5 0 8 1_ 0 0 0 0 0 0 0 0 0 0 0 0

test w: 0 0 1 3 4 6 4 5 0 8 1 8_ 0 0 0 0 0 0 0 0 0 0 0 0

(num_div) ***** Divides_by: 0
res: 0 0 0 0 0 0 0 0 0 0 0 0_ 0 0 0 0 0 0 0 0 0 0 0 0

w:   0 0 1 3 4 6 4 5 0 8 1 8_ 0 0 0 0 0 0 0 0 0 0 0 0

test w: 0 1 3 4 6 4 5 0 8 1 8 5_ 0 0 0 0 0 0 0 0 0 0 0 0

(num_div) ***** Divides_by: 0
res: 0 0 0 0 0 0 0 0 0 0 0 0_ 0 0 0 0 0 0 0 0 0 0 0 0

w:   0 1 3 4 6 4 5 0 8 1 8 5_ 0 0 0 0 0 0 0 0 0 0 0 0

test w: 1 3 4 6 4 5 0 8 1 8 5 5_ 0 0 0 0 0 0 0 0 0 0 0 0

(num_mantissa_tens_compl_digits)
num_sub_digits  r: 9 11 9 10 4 13 4 12 1 17 12 9_ 0 0 0 0 0 0 0 0 0 0 0 0

num_sub_digits  r: 10 2 0 0 5 3 5 2 2 8 2 9_ 0 0 0 0 0 0 0 0 0 0 0 0

(num_div) ***** Divides_by: 2
res: 0 0 0 0 0 0 0 0 0 0 0 2_ 0 0 0 0 0 0 0 0 0 0 0 0

w:   10 2 0 0 5 3 5 2 2 8 2 9_ 0 0 0 0 0 0 0 0 0 0 0 0

test w: 2 0 0 5 3 5 2 2 8 2 9 0_ 0 0 0 0 0 0 0 0 0 0 0 0

(num_mantissa_tens_compl_digits)
num_sub_digits  r: 10 2 8 6 4 7 8 8 9 6 15 1_ 0 0 0 0 0 0 0 0 0 0 0 0

num_sub_digits  r: 10 2 8 6 4 7 8 8 9 7 5 1_ 0 0 0 0 0 0 0 0 0 0 0 0

(num_div) ***** Divides_by: 3
res: 0 0 0 0 0 0 0 0 0 0 0 2_ 3 0 0 0 0 0 0 0 0 0 0 0

w:   10 2 8 6 4 7 8 8 9 7 5 1_ 0 0 0 0 0 0 0 0 0 0 0 0

test w: 2 8 6 4 7 8 8 9 7 5 1 0_ 0 0 0 0 0 0 0 0 0 0 0 0

(num_mantissa_tens_compl_digits)
num_sub_digits  r: 9 15 6 12 8 14 16 17 8 14 5 8_ 0 0 0 0 0 0 0 0 0 0 0 0

num_sub_digits  r: 10 5 7 2 9 5 7 7 9 4 5 8_ 0 0 0 0 0 0 0 0 0 0 0 0

(num_div) ***** Divides_by: 4
res: 0 0 0 0 0 0 0 0 0 0 0 2_ 3 4 0 0 0 0 0 0 0 0 0 0

w:   10 5 7 2 9 5 7 7 9 4 5 8_ 0 0 0 0 0 0 0 0 0 0 0 0

test w: 5 7 2 9 5 7 7 9 4 5 8 0_ 0 0 0 0 0 0 0 0 0 0 0 0

(num_mantissa_tens_compl_digits)
num_sub_digits  r: 9 15 6 12 8 14 16 17 8 8 16 3_ 0 0 0 0 0 0 0 0 0 0 0 0

num_sub_digits  r: 10 5 7 2 9 5 7 7 8 9 6 3_ 0 0 0 0 0 0 0 0 0 0 0 0

(num_div) ***** Divides_by: 9
res: 0 0 0 0 0 0 0 0 0 0 0 2_ 3 4 9 0 0 0 0 0 0 0 0 0

w:   10 5 7 2 9 5 7 7 8 9 6 3_ 0 0 0 0 0 0 0 0 0 0 0 0

test w: 5 7 2 9 5 7 7 8 9 6 3 0_ 0 0 0 0 0 0 0 0 0 0 0 0

(num_mantissa_tens_compl_digits)
num_sub_digits  r: 9 15 6 12 8 14 16 16 13 9 11 3_ 0 0 0 0 0 0 0 0 0 0 0 0

num_sub_digits  r: 10 5 7 2 9 5 7 7 4 0 1 3_ 0 0 0 0 0 0 0 0 0 0 0 0

(num_div) ***** Divides_by: 9
res: 0 0 0 0 0 0 0 0 0 0 0 2_ 3 4 9 9 0 0 0 0 0 0 0 0

w:   10 5 7 2 9 5 7 7 4 0 1 3_ 0 0 0 0 0 0 0 0 0 0 0 0

test w: 5 7 2 9 5 7 7 4 0 1 3 0_ 0 0 0 0 0 0 0 0 0 0 0 0

(num_mantissa_tens_compl_digits)
num_sub_digits  r: 9 15 6 12 8 14 16 12 4 4 11 3_ 0 0 0 0 0 0 0 0 0 0 0 0

num_sub_digits  r: 10 5 7 2 9 5 7 2 4 5 1 3_ 0 0 0 0 0 0 0 0 0 0 0 0

(num_div) ***** Divides_by: 9
res: 0 0 0 0 0 0 0 0 0 0 0 2_ 3 4 9 9 9 0 0 0 0 0 0 0

w:   10 5 7 2 9 5 7 2 4 5 1 3_ 0 0 0 0 0 0 0 0 0 0 0 0

test w: 5 7 2 9 5 7 2 4 5 1 3 0_ 0 0 0 0 0 0 0 0 0 0 0 0

(num_mantissa_tens_compl_digits)
num_sub_digits  r: 9 15 6 12 8 14 11 12 9 4 11 3_ 0 0 0 0 0 0 0 0 0 0 0 0

num_sub_digits  r: 10 5 7 2 9 5 2 2 9 5 1 3_ 0 0 0 0 0 0 0 0 0 0 0 0

(num_div) ***** Divides_by: 9
res: 0 0 0 0 0 0 0 0 0 0 0 2_ 3 4 9 9 9 9 0 0 0 0 0 0

w:   10 5 7 2 9 5 2 2 9 5 1 3_ 0 0 0 0 0 0 0 0 0 0 0 0

test w: 5 7 2 9 5 2 2 9 5 1 3 0_ 0 0 0 0 0 0 0 0 0 0 0 0

(num_mantissa_tens_compl_digits)
num_sub_digits  r: 9 15 6 12 8 9 11 17 9 4 11 3_ 0 0 0 0 0 0 0 0 0 0 0 0

num_sub_digits  r: 10 5 7 2 9 0 2 7 9 5 1 3_ 0 0 0 0 0 0 0 0 0 0 0 0

(num_div) ***** Divides_by: 9
res: 0 0 0 0 0 0 0 0 0 0 0 2_ 3 4 9 9 9 9 9 0 0 0 0 0

w:   10 5 7 2 9 0 2 7 9 5 1 3_ 0 0 0 0 0 0 0 0 0 0 0 0

test w: 5 7 2 9 0 2 7 9 5 1 3 0_ 0 0 0 0 0 0 0 0 0 0 0 0

(num_mantissa_tens_compl_digits)
num_sub_digits  r: 9 15 6 12 3 9 16 17 9 4 11 3_ 0 0 0 0 0 0 0 0 0 0 0 0

num_sub_digits  r: 10 5 7 2 4 0 7 7 9 5 1 3_ 0 0 0 0 0 0 0 0 0 0 0 0

(num_div) ***** Divides_by: 9
res: 0 0 0 0 0 0 0 0 0 0 0 2_ 3 4 9 9 9 9 9 9 0 0 0 0

w:   10 5 7 2 4 0 7 7 9 5 1 3_ 0 0 0 0 0 0 0 0 0 0 0 0

test w: 5 7 2 4 0 7 7 9 5 1 3 0_ 0 0 0 0 0 0 0 0 0 0 0 0

(num_mantissa_tens_compl_digits)
num_sub_digits  r: 9 15 6 7 3 14 16 17 9 4 11 3_ 0 0 0 0 0 0 0 0 0 0 0 0

num_sub_digits  r: 10 5 6 7 4 5 7 7 9 5 1 3_ 0 0 0 0 0 0 0 0 0 0 0 0

(num_div) ***** Divides_by: 9
res: 0 0 0 0 0 0 0 0 0 0 0 2_ 3 4 9 9 9 9 9 9 9 0 0 0

w:   10 5 6 7 4 5 7 7 9 5 1 3_ 0 0 0 0 0 0 0 0 0 0 0 0

test w: 5 6 7 4 5 7 7 9 5 1 3 0_ 0 0 0 0 0 0 0 0 0 0 0 0

(num_mantissa_tens_compl_digits)
num_sub_digits  r: 9 14 11 7 8 14 16 17 9 4 11 3_ 0 0 0 0 0 0 0 0 0 0 0 0

num_sub_digits  r: 10 5 1 7 9 5 7 7 9 5 1 3_ 0 0 0 0 0 0 0 0 0 0 0 0

(num_div) ***** Divides_by: 9
res: 0 0 0 0 0 0 0 0 0 0 0 2_ 3 4 9 9 9 9 9 9 9 9 0 0

w:   10 5 1 7 9 5 7 7 9 5 1 3_ 0 0 0 0 0 0 0 0 0 0 0 0

test w: 5 1 7 9 5 7 7 9 5 1 3 0_ 0 0 0 0 0 0 0 0 0 0 0 0

(num_mantissa_tens_compl_digits)
num_sub_digits  r: 9 9 11 12 8 14 16 17 9 4 11 3_ 0 0 0 0 0 0 0 0 0 0 0 0

num_sub_digits  r: 10 0 2 2 9 5 7 7 9 5 1 3_ 0 0 0 0 0 0 0 0 0 0 0 0

(num_div) ***** Divides_by: 9
res: 0 0 0 0 0 0 0 0 0 0 0 2_ 3 4 9 9 9 9 9 9 9 9 9 0

w:   10 0 2 2 9 5 7 7 9 5 1 3_ 0 0 0 0 0 0 0 0 0 0 0 0

test w: 0 2 2 9 5 7 7 9 5 1 3 0_ 0 0 0 0 0 0 0 0 0 0 0 0

(num_div) ***** Divides_by: 0
res: 0 0 0 0 0 0 0 0 0 0 0 2_ 3 4 9 9 9 9 9 9 9 9 9 0

w:   0 2 2 9 5 7 7 9 5 1 3 0_ 0 0 0 0 0 0 0 0 0 0 0 0

res after shift: 2 3 4 9 9 9 9 9 9 9 9 9_ 0 0 0 0 0 0 0 0 0 0 0 0

res after round: 2 3 4 9 9 9 9 9 9 9 9 9_ 0 0 0 0 0 0 0 0 0 0 0 0

(num_normalise)+2. 3 4 9 9 9 9 9 9 9 9 9  E1 Entry:
(num_div)+2. 3 4 9 9 9 9 9 9 9 9 9  E1 result
(execute_qcode)rta_sp:3E39 rta_fp:3EF6 rta_pc:3E5C qcode:B0 RTF_RAD
(execute_qcode)
--------------------------------------------------------------------------------
