(num_div)DIV
(num_div)+1.34645081855 E3 a:
(num_div)+5.72957795131 E1 b:num: 5 7 2 9 5 7 7 9 5 1 3 1_ 0 0 0 0 0 0 0 0 0 0 0 0
  1: 5 7 2 9 5 7 7 9 5 1 3 1_ 0 0 0 0 0 0 0 0 0 0 0 0
  1: 5 7 2 9 5 7 7 9 5 1 3 1_ 0 0 0 0 0 0 0 0 0 0 0 0
  2: 11 4 5 9 1 5 5 9 0 2 6 2_ 0 0 0 0 0 0 0 0 0 0 0 0
  2: 11 4 5 9 1 5 5 9 0 2 6 2_ 0 0 0 0 0 0 0 0 0 0 0 0
  3: 17 1 8 8 7 3 3 8 5 3 9 3_ 0 0 0 0 0 0 0 0 0 0 0 0
  3: 17 1 8 8 7 3 3 8 5 3 9 3_ 0 0 0 0 0 0 0 0 0 0 0 0
  4: 22 9 1 8 3 1 1 8 0 5 2 4_ 0 0 0 0 0 0 0 0 0 0 0 0
  4: 22 9 1 8 3 1 1 8 0 5 2 4_ 0 0 0 0 0 0 0 0 0 0 0 0
  5: 28 6 4 7 8 8 9 7 5 6 5 5_ 0 0 0 0 0 0 0 0 0 0 0 0
  5: 28 6 4 7 8 8 9 7 5 6 5 5_ 0 0 0 0 0 0 0 0 0 0 0 0
  6: 34 3 7 7 4 6 7 7 0 7 8 6_ 0 0 0 0 0 0 0 0 0 0 0 0
  6: 34 3 7 7 4 6 7 7 0 7 8 6_ 0 0 0 0 0 0 0 0 0 0 0 0
  7: 40 1 0 7 0 4 5 6 5 9 1 7_ 0 0 0 0 0 0 0 0 0 0 0 0
  7: 40 1 0 7 0 4 5 6 5 9 1 7_ 0 0 0 0 0 0 0 0 0 0 0 0
  8: 45 8 3 6 6 2 3 6 1 0 4 8_ 0 0 0 0 0 0 0 0 0 0 0 0
  8: 45 8 3 6 6 2 3 6 1 0 4 8_ 0 0 0 0 0 0 0 0 0 0 0 0
  9: 51 5 6 6 2 0 1 5 6 1 7 9_ 0 0 0 0 0 0 0 0 0 0 0 0
  9: 51 5 6 6 2 0 1 5 6 1 7 9_ 0 0 0 0 0 0 0 0 0 0 0 0

test w: 0 0 0 0 0 0 0 0 0 0 0 1_ 0 0 0 0 0 0 0 0 0 0 0 0

(num_div) ***** Divides_by: 0
res: 0 0 0 0 0 0 0 0 0 0 0 0_ 0 0 0 0 0 0 0 0 0 0 0 0

w:   0 0 0 0 0 0 0 0 0 0 0 1_ 0 0 0 0 0 0 0 0 0 0 0 0

test w: 0 0 0 0 0 0 0 0 0 0 1 3_ 0 0 0 0 0 0 0 0 0 0 0 0

(num_div) ***** Divides_by: 0
res: 0 0 0 0 0 0 0 0 0 0 0 0_ 0 0 0 0 0 0 0 0 0 0 0 0

w:   0 0 0 0 0 0 0 0 0 0 1 3_ 0 0 0 0 0 0 0 0 0 0 0 0

test w: 0 0 0 0 0 0 0 0 0 1 3 4_ 0 0 0 0 0 0 0 0 0 0 0 0

(num_div) ***** Divides_by: 0
res: 0 0 0 0 0 0 0 0 0 0 0 0_ 0 0 0 0 0 0 0 0 0 0 0 0

w:   0 0 0 0 0 0 0 0 0 1 3 4_ 0 0 0 0 0 0 0 0 0 0 0 0

test w: 0 0 0 0 0 0 0 0 1 3 4 6_ 0 0 0 0 0 0 0 0 0 0 0 0

(num_div) ***** Divides_by: 0
res: 0 0 0 0 0 0 0 0 0 0 0 0_ 0 0 0 0 0 0 0 0 0 0 0 0

w:   0 0 0 0 0 0 0 0 1 3 4 6_ 0 0 0 0 0 0 0 0 0 0 0 0

test w: 0 0 0 0 0 0 0 1 3 4 6 4_ 0 0 0 0 0 0 0 0 0 0 0 0

(num_div) ***** Divides_by: 0
res: 0 0 0 0 0 0 0 0 0 0 0 0_ 0 0 0 0 0 0 0 0 0 0 0 0

w:   0 0 0 0 0 0 0 1 3 4 6 4_ 0 0 0 0 0 0 0 0 0 0 0 0

test w: 0 0 0 0 0 0 1 3 4 6 4 5_ 0 0 0 0 0 0 0 0 0 0 0 0

(num_div) ***** Divides_by: 0
res: 0 0 0 0 0 0 0 0 0 0 0 0_ 0 0 0 0 0 0 0 0 0 0 0 0

w:   0 0 0 0 0 0 1 3 4 6 4 5_ 0 0 0 0 0 0 0 0 0 0 0 0

test w: 0 0 0 0 0 1 3 4 6 4 5 0_ 0 0 0 0 0 0 0 0 0 0 0 0

(num_div) ***** Divides_by: 0
res: 0 0 0 0 0 0 0 0 0 0 0 0_ 0 0 0 0 0 0 0 0 0 0 0 0

w:   0 0 0 0 0 1 3 4 6 4 5 0_ 0 0 0 0 0 0 0 0 0 0 0 0

test w: 0 0 0 0 1 3 4 6 4 5 0 8_ 0 0 0 0 0 0 0 0 0 0 0 0

(num_div) ***** Divides_by: 0
res: 0 0 0 0 0 0 0 0 0 0 0 0_ 0 0 0 0 0 0 0 0 0 0 0 0

w:   0 0 0 0 1 3 4 6 4 5 0 8_ 0 0 0 0 0 0 0 0 0 0 0 0

test w: 0 0 0 1 3 4 6 4 5 0 8 1_ 0 0 0 0 0 0 0 0 0 0 0 0

(num_div) ***** Divides_by: 0
res: 0 0 0 0 0 0 0 0 0 0 0 0_ 0 0 0 0 0 0 0 0 0 0 0 0

w:   0 0 0 1 3 4 6 4 5 0 8 1_ 0 0 0 0 0 0 0 0 0 0 0 0

test w: 0 0 1 3 4 6 4 5 0 8 1 8_ 0 0 0 0 0 0 0 0 0 0 0 0

(num_div) ***** Divides_by: 0
res: 0 0 0 0 0 0 0 0 0 0 0 0_ 0 0 0 0 0 0 0 0 0 0 0 0

w:   0 0 1 3 4 6 4 5 0 8 1 8_ 0 0 0 0 0 0 0 0 0 0 0 0

test w: 0 1 3 4 6 4 5 0 8 1 8 5_ 0 0 0 0 0 0 0 0 0 0 0 0

(num_div) ***** Divides_by: 0
res: 0 0 0 0 0 0 0 0 0 0 0 0_ 0 0 0 0 0 0 0 0 0 0 0 0

w:   0 1 3 4 6 4 5 0 8 1 8 5_ 0 0 0 0 0 0 0 0 0 0 0 0

test w: 1 3 4 6 4 5 0 8 1 8 5 5_ 0 0 0 0 0 0 0 0 0 0 0 0

(num_div) ***** Divides_by: 0
res: 0 0 0 0 0 0 0 0 0 0 0 0_ 0 0 0 0 0 0 0 0 0 0 0 0

w:   1 3 4 6 4 5 0 8 1 8 5 5_ 0 0 0 0 0 0 0 0 0 0 0 0

test w: 3 4 6 4 5 0 8 1 8 5 5 0_ 0 0 0 0 0 0 0 0 0 0 0 0

(num_div) ***** Divides_by: 0
res: 0 0 0 0 0 0 0 0 0 0 0 0_ 0 0 0 0 0 0 0 0 0 0 0 0

w:   3 4 6 4 5 0 8 1 8 5 5 0_ 0 0 0 0 0 0 0 0 0 0 0 0

test w: 4 6 4 5 0 8 1 8 5 5 0 0_ 0 0 0 0 0 0 0 0 0 0 0 0

(num_div) ***** Divides_by: 0
res: 0 0 0 0 0 0 0 0 0 0 0 0_ 0 0 0 0 0 0 0 0 0 0 0 0

w:   4 6 4 5 0 8 1 8 5 5 0 0_ 0 0 0 0 0 0 0 0 0 0 0 0

test w: 6 4 5 0 8 1 8 5 5 0 0 0_ 0 0 0 0 0 0 0 0 0 0 0 0

(num_mantissa_tens_compl_digits)
num_sub_digits  r: 10 6 12 0 12 3 10 5 9 8 6 9_ 0 0 0 0 0 0 0 0 0 0 0 0

num_sub_digits  r: 10 7 2 1 2 4 0 5 9 8 6 9_ 0 0 0 0 0 0 0 0 0 0 0 0

(num_div) ***** Divides_by: 1
res: 0 0 0 0 0 0 0 0 0 0 0 0_ 0 0 1 0 0 0 0 0 0 0 0 0

w:   10 7 2 1 2 4 0 5 9 8 6 9_ 0 0 0 0 0 0 0 0 0 0 0 0

test w: 7 2 1 2 4 0 5 9 8 6 9 0_ 0 0 0 0 0 0 0 0 0 0 0 0

(num_mantissa_tens_compl_digits)
num_sub_digits  r: 11 4 8 2 8 2 7 9 12 14 15 9_ 0 0 0 0 0 0 0 0 0 0 0 0

num_sub_digits  r: 11 4 8 2 8 2 8 0 3 5 5 9_ 0 0 0 0 0 0 0 0 0 0 0 0

(num_div) ***** Divides_by: 1
res: 0 0 0 0 0 0 0 0 0 0 0 0_ 0 0 1 1 0 0 0 0 0 0 0 0

w:   1 4 8 2 8 2 8 0 3 5 5 9_ 0 0 0 0 0 0 0 0 0 0 0 0

test w: 4 8 2 8 2 8 0 3 5 5 9 0_ 0 0 0 0 0 0 0 0 0 0 0 0

(num_div) ***** Divides_by: 0
res: 0 0 0 0 0 0 0 0 0 0 0 0_ 0 0 1 1 0 0 0 0 0 0 0 0

w:   4 8 2 8 2 8 0 3 5 5 9 0_ 0 0 0 0 0 0 0 0 0 0 0 0

test w: 8 2 8 2 8 0 3 5 5 9 0 0_ 0 0 0 0 0 0 0 0 0 0 0 0

(num_mantissa_tens_compl_digits)
num_sub_digits  r: 12 4 15 2 12 2 5 5 9 17 6 9_ 0 0 0 0 0 0 0 0 0 0 0 0

num_sub_digits  r: 12 5 5 3 2 2 5 6 0 7 6 9_ 0 0 0 0 0 0 0 0 0 0 0 0

(num_div) ***** Divides_by: 1
res: 0 0 0 0 0 0 0 0 0 0 0 0_ 0 0 1 1 0 1 0 0 0 0 0 0

w:   2 5 5 3 2 2 5 6 0 7 6 9_ 0 0 0 0 0 0 0 0 0 0 0 0

test w: 5 5 3 2 2 5 6 0 7 6 9 0_ 0 0 0 0 0 0 0 0 0 0 0 0

(num_div) ***** Divides_by: 0
res: 0 0 0 0 0 0 0 0 0 0 0 0_ 0 0 1 1 0 1 0 0 0 0 0 0

w:   5 5 3 2 2 5 6 0 7 6 9 0_ 0 0 0 0 0 0 0 0 0 0 0 0

test w: 5 3 2 2 5 6 0 7 6 9 0 0_ 0 0 0 0 0 0 0 0 0 0 0 0

(num_div) ***** Divides_by: 0
res: 0 0 0 0 0 0 0 0 0 0 0 0_ 0 0 1 1 0 1 0 0 0 0 0 0

w:   5 3 2 2 5 6 0 7 6 9 0 0_ 0 0 0 0 0 0 0 0 0 0 0 0

test w: 3 2 2 5 6 0 7 6 9 0 0 0_ 0 0 0 0 0 0 0 0 0 0 0 0

(num_div) ***** Divides_by: 0
res: 0 0 0 0 0 0 0 0 0 0 0 0_ 0 0 1 1 0 1 0 0 0 0 0 0

w:   3 2 2 5 6 0 7 6 9 0 0 0_ 0 0 0 0 0 0 0 0 0 0 0 0

test w: 2 2 5 6 0 7 6 9 0 0 0 0_ 0 0 0 0 0 0 0 0 0 0 0 0

(num_div) ***** Divides_by: 0
res: 0 0 0 0 0 0 0 0 0 0 0 0_ 0 0 1 1 0 1 0 0 0 0 0 0

w:   2 2 5 6 0 7 6 9 0 0 0 0_ 0 0 0 0 0 0 0 0 0 0 0 0

test w: 2 5 6 0 7 6 9 0 0 0 0 0_ 0 0 0 0 0 0 0 0 0 0 0 0

(num_div) ***** Divides_by: 0
res: 0 0 0 0 0 0 0 0 0 0 0 0_ 0 0 1 1 0 1 0 0 0 0 0 0

w:   2 5 6 0 7 6 9 0 0 0 0 0_ 0 0 0 0 0 0 0 0 0 0 0 0

test w: 5 6 0 7 6 9 0 0 0 0 0 0_ 0 0 0 0 0 0 0 0 0 0 0 0

(num_div) ***** Divides_by: 0
res: 0 0 0 0 0 0 0 0 0 0 0 0_ 0 0 1 1 0 1 0 0 0 0 0 0

w:   5 6 0 7 6 9 0 0 0 0 0 0_ 0 0 0 0 0 0 0 0 0 0 0 0

res after shift: 1 1 0 1 0 0 0 0 0 0 0 0_ 0 0 0 0 0 0 0 0 0 0 0 0

res after round: 1 1 0 1 0 0 0 0 0 0 0 0_ 0 0 0 0 0 0 0 0 0 0 0 0

(num_normalise)+1. 1 0 1 0 0 0 0 0 0 0 0  E-1 Entry:
(num_div)+1. 1 0 1 0 0 0 0 0 0 0 0  E-1 result
(qca_div_num)num: 
(qca_div_num)num2:
(qca_div_num)res: 
(qca_push_num_result)Push num result: 
(execute_qcode)rta_sp:3E39 rta_fp:3EF6 rta_pc:3E87 qcode:3F QCO_DIV_NUM
(execute_qcode)
